Output 
a: 0.9516044824895687
b: 0.9518963506390051
c: 0.967812276774909
d: 0.9172367314709642
e: 0.8968059581424442
f: 0.9104794067385593
g: 0.9548418147325154
h: 0.9476985887923555
i: 0.9025328171499133
j: 0.9587830115866188
k: 0.9246663920052802
l: 0.8978937615148002
m: 0.9587280984120681
n: 0.9766205787602609
o: 0.9496745779169994
Computer picked: a
