Output 
a: 0.9436384518124762
b: 0.9439078941280473
c: 0.9123724139399617
d: 0.8629780149248162
e: 0.7192841192713744
f: 0.9307256640344039
g: 0.9371455379530346
h: 0.8860776368974529
i: 0.8939072680231431
j: 0.6052253203770676
k: 0.7239859116427108
l: 0.9082762957448722
m: 0.8445701653917518
n: 0.9763385302765197
o: 0.9196106332629335
Computer picked: b
